>AGATAA	Gata3_Th2	8.3797	PH
0.151571693	0.262752816	0.258274905	0.327400586
0.221834355	0.11338549	0.275380353	0.389399801
0.297769044	0.136927713	0.13467821	0.430625033
0.27009856	0.110415291	0.271105938	0.348380211
0.265471192	0.090252811	0.22333976	0.420936236
0.616582081	0.09009092	0.171960358	0.121366641
0.197317581	0.107541292	0.406903969	0.288237159
0.798258085	0.046950372	0.001406059	0.153385484
0.00319535	0.002515858	0.9897071	0.004581693
0.991502949	0.002748277	0.002617194	0.003131581
0.005014728	0.002764417	0.003026098	0.989194756
0.948394066	0.008931861	0.001343921	0.041330151
0.973108821	0.004100181	0.004080642	0.018710356
0.040364941	0.113905307	0.828184894	0.017544858
0.736608073	0.13052386	0.113464089	0.019403977
0.415921028	0.106101027	0.316613056	0.161364889
0.376581831	0.170927133	0.155571835	0.296919201
0.137730612	0.197150518	0.21105518	0.45406369
0.324853193	0.12274688	0.246106661	0.306293266
0.462490324	0.207310934	0.159391927	0.170806814
0.380420192	0.188971774	0.311990485	0.11861755
0.222178411	0.157872575	0.380485598	0.239463416
