>AAAAAGTAAACAAAGAC	Foxp3_Treg	6.077	PH
0.335487311	0.205062048	0.128956539	0.330494102
0.411634983	0.179625489	0.175701486	0.233038041
0.412976304	0.128601715	0.091889599	0.366532382
0.608396275	0.079002067	0.107141577	0.205460081
0.433473855	0.035202519	0.153143414	0.378180212
0.087552166	0.005003156	0.894586453	0.012858224
0.00445921	0.038951499	0.001108642	0.955480649
0.924470382	0.068559753	0.001164947	0.005804919
0.920482604	0.070038575	0.00167375	0.00780507
0.988335286	0.001901687	0.003154985	0.006608041
0.00152711	0.656726168	0.00269924	0.339047482
0.987504582	0.001810187	0.004335926	0.006349305
0.719583501	0.065184121	0.050384037	0.164848341
0.535389252	0.099997204	0.102849094	0.26176445
0.245214911	0.272016891	0.301499149	0.18126905
0.306106964	0.209039699	0.248687424	0.236165913
0.223743903	0.278667688	0.251931241	0.245657168
